x	y
565.0	575.0
25.0	185.0
345.0	750.0
945.0	685.0
845.0	655.0
880.0	660.0
25.0	230.0
525.0	1000.0
580.0	1175.0
650.0	1130.0
1605.0	620.0 
1220.0	580.0
1465.0	200.0
1530.0	5.0
845.0	680.0
725.0	370.0
145.0	665.0
415.0	635.0
510.0	875.0  
560.0	365.0
300.0	465.0
520.0	585.0
480.0	415.0
835.0	625.0
975.0	580.0
1215.0	245.0
1320.0	315.0
1250.0	400.0
660.0	180.0
410.0	250.0
420.0	555.0
575.0	665.0
1150.0	1160.0
700.0	580.0
685.0	595.0
685.0	610.0
770.0	610.0
795.0	645.0
720.0	635.0
760.0	650.0
475.0	960.0
95.0	260.0
875.0	920.0
700.0	500.0
555.0	815.0
830.0	485.0
1170.0	65.0
830.0	610.0
605.0	625.0
595.0	360.0
1340.0	725.0
1740.0	245.0
777.0	680.0
798.0	684.0
700.0	645.0
770.0	660.0
475.0	960.0
95.0	360.0
955.0	990.0
770.0	400.0
455.0	615.0
330.0	385.0
1270.0	95.0
730.0	510.0
805.0	725.0
695.0	460.0
1740.0	925.0
1440.0	345.0
1040.0	1555.0
1040.0	1345.0